Time:December 11 17:22:37 2019
Lamp:0
SLIT:-564690019155968.000000
Xmax->Xmin: 900.000000 -> 400.000000
Step:1.000000
Filter:5
400.000000 2.034180
401.000000 2.033147
402.000000 2.033185
403.000000 2.026913
404.000000 2.029867
405.000000 2.037461
406.000000 2.034914
407.000000 2.039552
408.000000 2.037315
409.000000 2.035502
410.000000 2.033766
411.000000 2.036486
412.000000 2.035577
413.000000 2.032625
414.000000 2.034412
415.000000 2.031589
416.000000 2.028100
417.000000 2.030537
418.000000 2.028743
419.000000 2.026960
420.000000 2.024165
421.000000 2.025270
422.000000 2.024535
423.000000 2.024310
424.000000 2.021138
425.000000 2.017828
426.000000 2.017303
427.000000 2.014129
428.000000 2.008784
429.000000 2.009915
430.000000 2.011562
431.000000 2.008478
432.000000 2.005100
433.000000 2.007203
434.000000 2.003841
435.000000 2.001545
436.000000 2.000187
437.000000 2.001016
438.000000 1.994940
439.000000 1.994581
440.000000 1.991589
441.000000 1.989377
442.000000 1.984017
443.000000 1.983286
444.000000 1.982621
445.000000 1.977867
446.000000 1.977026
447.000000 1.973615
448.000000 1.969335
449.000000 1.961549
450.000000 1.962957
451.000000 1.968961
452.000000 1.970882
453.000000 1.966329
454.000000 1.967463
455.000000 1.969033
456.000000 1.970795
457.000000 1.971569
458.000000 1.972536
459.000000 1.971658
460.000000 1.971338
461.000000 1.973389
462.000000 1.971479
463.000000 1.973558
464.000000 1.975944
465.000000 1.976090
466.000000 1.973874
467.000000 1.972767
468.000000 1.973122
469.000000 1.973256
470.000000 1.974660
471.000000 1.972830
472.000000 1.970621
473.000000 1.970974
474.000000 1.971086
475.000000 1.975340
476.000000 1.975838
477.000000 1.972171
478.000000 1.972826
479.000000 1.987896
480.000000 1.972855
481.000000 1.979253
482.000000 1.977346
483.000000 1.977173
484.000000 1.971982
485.000000 1.975414
486.000000 1.975460
487.000000 1.978619
488.000000 1.977221
489.000000 1.976537
490.000000 1.974847
491.000000 1.976266
492.000000 1.977450
493.000000 1.976763
494.000000 1.981075
495.000000 1.977999
496.000000 1.980790
497.000000 1.980335
498.000000 1.978744
499.000000 1.980705
500.000000 1.979468
501.000000 1.983227
502.000000 1.983547
503.000000 1.978015
504.000000 1.979392
505.000000 1.979386
506.000000 1.978882
507.000000 1.982825
508.000000 1.984949
509.000000 1.983213
510.000000 1.988507
511.000000 1.983369
512.000000 1.982931
513.000000 1.982995
514.000000 1.990896
515.000000 1.990930
516.000000 1.984725
517.000000 1.990123
518.000000 1.981749
519.000000 1.983591
520.000000 1.982017
521.000000 1.984169
522.000000 1.988047
523.000000 1.985497
524.000000 1.990228
525.000000 1.980743
526.000000 1.988606
527.000000 1.982128
528.000000 1.983334
529.000000 1.985133
530.000000 1.981345
531.000000 1.978315
532.000000 1.978527
533.000000 1.978736
534.000000 1.977748
535.000000 1.976885
536.000000 1.975685
537.000000 1.975855
538.000000 1.973417
539.000000 1.971604
540.000000 1.969406
541.000000 1.971143
542.000000 1.964624
543.000000 1.969207
544.000000 1.964588
545.000000 1.965651
546.000000 1.962183
547.000000 1.962076
548.000000 1.958549
549.000000 1.957137
550.000000 1.957996
551.000000 1.952862
552.000000 1.953481
553.000000 1.954000
554.000000 1.950724
555.000000 1.949880
556.000000 1.948510
557.000000 1.947480
558.000000 1.945405
559.000000 1.940188
560.000000 1.934273
561.000000 1.935531
562.000000 1.931038
563.000000 1.927754
564.000000 1.924272
565.000000 1.920338
566.000000 1.916903
567.000000 1.913973
568.000000 1.910570
569.000000 1.907842
570.000000 1.903662
571.000000 1.897687
572.000000 1.897202
573.000000 1.894991
574.000000 1.893106
575.000000 1.889360
576.000000 1.887276
577.000000 1.879694
578.000000 1.878209
579.000000 1.876258
580.000000 1.875026
581.000000 1.871271
582.000000 1.867725
583.000000 1.865546
584.000000 1.863048
585.000000 1.861837
586.000000 1.861282
587.000000 1.858588
588.000000 1.853828
589.000000 1.853779
590.000000 1.845107
591.000000 1.842177
592.000000 1.835434
593.000000 1.834469
594.000000 1.836673
595.000000 1.829323
596.000000 1.823955
597.000000 1.821604
598.000000 1.821161
599.000000 1.816179
600.000000 1.812417
601.000000 1.811349
602.000000 1.805609
603.000000 1.803574
604.000000 1.800677
605.000000 1.799295
606.000000 1.794982
607.000000 1.792511
608.000000 1.788585
609.000000 1.785662
610.000000 1.783167
611.000000 1.778111
612.000000 1.776919
613.000000 1.771655
614.000000 1.769765
615.000000 1.767386
616.000000 1.763457
617.000000 1.760723
618.000000 1.762697
619.000000 1.757190
620.000000 1.756669
621.000000 1.750043
622.000000 1.748644
623.000000 1.744536
624.000000 1.745304
625.000000 1.740561
626.000000 1.739792
627.000000 1.733295
628.000000 1.732545
629.000000 1.728494
630.000000 1.726156
631.000000 1.724604
632.000000 1.720533
633.000000 1.716670
634.000000 1.716326
635.000000 1.713626
636.000000 1.713882
637.000000 1.709375
638.000000 1.707627
639.000000 1.703838
640.000000 1.700848
641.000000 1.699268
642.000000 1.695202
643.000000 1.691115
644.000000 1.689492
645.000000 1.687290
646.000000 1.689610
647.000000 1.685015
648.000000 1.681869
649.000000 1.677114
650.000000 1.675001
651.000000 1.672289
652.000000 1.670665
653.000000 1.670165
654.000000 1.665529
655.000000 1.665311
656.000000 1.659483
657.000000 1.660187
658.000000 1.656475
659.000000 1.659983
660.000000 1.653343
661.000000 1.653658
662.000000 1.648129
663.000000 1.645885
664.000000 1.643303
665.000000 1.641974
666.000000 1.637436
667.000000 1.635504
668.000000 1.636217
669.000000 1.632750
670.000000 1.630170
671.000000 1.629108
672.000000 1.625629
673.000000 1.622799
674.000000 1.621737
675.000000 1.618524
676.000000 1.616160
677.000000 1.614719
678.000000 1.612879
679.000000 1.609525
680.000000 1.608041
681.000000 1.605537
682.000000 1.604178
683.000000 1.601622
684.000000 1.598407
685.000000 1.597062
686.000000 1.596207
687.000000 1.593031
688.000000 1.590861
689.000000 1.587612
690.000000 1.586876
691.000000 1.583550
692.000000 1.582918
693.000000 1.578842
694.000000 1.578040
695.000000 1.574939
696.000000 1.573139
697.000000 1.573996
698.000000 1.570132
699.000000 1.568191
700.000000 1.565555
701.000000 1.564338
702.000000 1.561405
703.000000 1.558762
704.000000 1.557452
705.000000 1.556118
706.000000 1.553797
707.000000 1.550552
708.000000 1.549742
709.000000 1.548113
710.000000 1.543942
711.000000 1.543033
712.000000 1.540925
713.000000 1.538692
714.000000 1.537823
715.000000 1.535258
716.000000 1.534026
717.000000 1.533242
718.000000 1.530177
719.000000 1.527180
720.000000 1.524197
721.000000 1.523277
722.000000 1.521609
723.000000 1.520592
724.000000 1.517444
725.000000 1.514730
726.000000 1.512967
727.000000 1.511449
728.000000 1.508117
729.000000 1.509235
730.000000 1.506837
731.000000 1.504662
732.000000 1.502381
733.000000 1.501265
734.000000 1.499021
735.000000 1.497398
736.000000 1.494809
737.000000 1.493288
738.000000 1.491721
739.000000 1.490453
740.000000 1.487340
741.000000 1.485545
742.000000 1.483554
743.000000 1.480286
744.000000 1.479060
745.000000 1.476710
746.000000 1.474025
747.000000 1.473735
748.000000 1.469803
749.000000 1.468324
750.000000 1.466550
751.000000 1.464031
752.000000 1.461842
753.000000 1.460576
754.000000 1.456865
755.000000 1.454699
756.000000 1.453131
757.000000 1.451736
758.000000 1.449445
759.000000 1.446568
760.000000 1.444213
761.000000 1.441800
762.000000 1.439984
763.000000 1.439433
764.000000 1.435680
765.000000 1.433366
766.000000 1.431529
767.000000 1.429617
768.000000 1.427989
769.000000 1.425453
770.000000 1.424453
771.000000 1.420264
772.000000 1.417549
773.000000 1.415934
774.000000 1.413295
775.000000 1.412031
776.000000 1.411059
777.000000 1.409014
778.000000 1.407725
779.000000 1.402184
780.000000 1.400552
781.000000 1.396730
782.000000 1.396155
783.000000 1.393701
784.000000 1.391219
785.000000 1.389230
786.000000 1.387211
787.000000 1.385068
788.000000 1.382774
789.000000 1.381663
790.000000 1.378315
791.000000 1.376557
792.000000 1.374391
793.000000 1.371699
794.000000 1.369681
795.000000 1.368001
796.000000 1.365265
797.000000 1.363425
798.000000 1.360629
799.000000 1.359157
800.000000 1.356490
801.000000 1.354642
802.000000 1.352515
803.000000 1.350587
804.000000 1.347906
805.000000 1.346338
806.000000 1.343758
807.000000 1.342294
808.000000 1.339860
809.000000 1.337547
810.000000 1.336254
811.000000 1.333963
812.000000 1.331890
813.000000 1.330146
814.000000 1.328590
815.000000 1.326118
816.000000 1.324497
817.000000 1.322487
818.000000 1.320738
819.000000 1.318513
820.000000 1.316603
821.000000 1.314564
822.000000 1.313225
823.000000 1.311464
824.000000 1.309571
825.000000 1.308429
826.000000 1.306913
827.000000 1.305234
828.000000 1.303458
829.000000 1.302480
830.000000 1.300764
831.000000 1.299019
832.000000 1.297820
833.000000 1.296026
834.000000 1.294514
835.000000 1.292179
836.000000 1.291458
837.000000 1.289242
838.000000 1.286840
839.000000 1.284961
840.000000 1.282784
841.000000 1.280801
842.000000 1.279102
843.000000 1.276774
844.000000 1.275802
845.000000 1.273569
846.000000 1.271492
847.000000 1.269408
848.000000 1.267928
849.000000 1.266984
850.000000 1.266717
851.000000 1.265685
852.000000 1.263692
853.000000 1.261964
854.000000 1.259897
855.000000 1.257867
856.000000 1.255960
857.000000 1.254609
858.000000 1.252434
859.000000 1.251834
860.000000 1.248942
861.000000 1.247657
862.000000 1.244600
863.000000 1.243864
864.000000 1.241709
865.000000 1.239995
866.000000 1.237716
867.000000 1.235852
868.000000 1.234000
869.000000 1.232377
870.000000 1.230762
871.000000 1.229178
872.000000 1.227623
873.000000 1.226628
874.000000 1.224738
875.000000 1.222077
876.000000 1.220865
877.000000 1.218983
878.000000 1.217472
879.000000 1.216431
880.000000 1.214764
881.000000 1.212800
882.000000 1.211252
883.000000 1.210112
884.000000 1.208347
885.000000 1.206722
886.000000 1.204601
887.000000 1.203115
888.000000 1.201453
889.000000 1.200777
890.000000 1.198909
891.000000 1.197305
892.000000 1.195126
893.000000 1.193852
894.000000 1.192348
895.000000 1.191727
896.000000 1.189929
897.000000 1.187830
898.000000 1.187521
899.000000 1.184793
900.000000 1.185324
[Extended]
SampleName=25 48h mix Lacto 1 ml + NP2 0.1 ml + water 0.9 ml
Operator=Microsoft
Memo=
