Time:December 10 13:57:31 2019
Lamp:0
SLIT:-158946109990665980000000000000.000000
Xmax->Xmin: 900.000000 -> 400.000000
Step:1.000000
Filter:5
400.000000 1.897809
401.000000 1.896858
402.000000 1.889903
403.000000 1.889207
404.000000 1.880011
405.000000 1.876602
406.000000 1.872238
407.000000 1.869419
408.000000 1.865072
409.000000 1.861156
410.000000 1.855101
411.000000 1.849680
412.000000 1.844761
413.000000 1.841830
414.000000 1.841225
415.000000 1.834921
416.000000 1.827354
417.000000 1.826684
418.000000 1.820108
419.000000 1.820129
420.000000 1.812670
421.000000 1.811253
422.000000 1.803270
423.000000 1.800435
424.000000 1.796324
425.000000 1.791440
426.000000 1.788801
427.000000 1.784131
428.000000 1.778610
429.000000 1.778158
430.000000 1.771858
431.000000 1.767641
432.000000 1.765300
433.000000 1.760731
434.000000 1.758657
435.000000 1.752298
436.000000 1.750587
437.000000 1.746960
438.000000 1.741757
439.000000 1.739202
440.000000 1.738843
441.000000 1.731874
442.000000 1.728927
443.000000 1.725631
444.000000 1.721499
445.000000 1.718928
446.000000 1.715890
447.000000 1.714123
448.000000 1.709235
449.000000 1.707181
450.000000 1.706079
451.000000 1.701486
452.000000 1.697594
453.000000 1.695455
454.000000 1.692026
455.000000 1.692876
456.000000 1.686787
457.000000 1.685976
458.000000 1.682118
459.000000 1.678589
460.000000 1.675525
461.000000 1.673690
462.000000 1.675954
463.000000 1.669970
464.000000 1.667964
465.000000 1.665847
466.000000 1.667197
467.000000 1.663065
468.000000 1.662469
469.000000 1.661932
470.000000 1.661441
471.000000 1.659794
472.000000 1.658289
473.000000 1.659970
474.000000 1.660477
475.000000 1.657305
476.000000 1.658759
477.000000 1.656214
478.000000 1.656128
479.000000 1.658444
480.000000 1.655978
481.000000 1.657906
482.000000 1.659073
483.000000 1.662386
484.000000 1.664485
485.000000 1.664563
486.000000 1.664550
487.000000 1.665885
488.000000 1.668326
489.000000 1.673331
490.000000 1.674621
491.000000 1.677022
492.000000 1.680709
493.000000 1.683345
494.000000 1.686565
495.000000 1.691944
496.000000 1.694079
497.000000 1.700950
498.000000 1.701840
499.000000 1.706492
500.000000 1.712581
501.000000 1.716639
502.000000 1.721584
503.000000 1.727429
504.000000 1.731068
505.000000 1.736294
506.000000 1.744358
507.000000 1.747580
508.000000 1.752122
509.000000 1.758104
510.000000 1.762355
511.000000 1.767031
512.000000 1.773426
513.000000 1.778133
514.000000 1.782817
515.000000 1.785513
516.000000 1.791334
517.000000 1.794606
518.000000 1.798784
519.000000 1.802820
520.000000 1.806600
521.000000 1.810642
522.000000 1.812571
523.000000 1.815656
524.000000 1.819116
525.000000 1.822216
526.000000 1.825985
527.000000 1.827901
528.000000 1.828554
529.000000 1.832700
530.000000 1.833713
531.000000 1.833121
532.000000 1.834003
533.000000 1.834716
534.000000 1.834655
535.000000 1.838220
536.000000 1.833734
537.000000 1.836012
538.000000 1.836894
539.000000 1.834230
540.000000 1.836138
541.000000 1.831586
542.000000 1.834331
543.000000 1.830801
544.000000 1.825385
545.000000 1.823199
546.000000 1.826623
547.000000 1.818786
548.000000 1.814731
549.000000 1.811377
550.000000 1.805775
551.000000 1.805806
552.000000 1.800739
553.000000 1.795644
554.000000 1.794895
555.000000 1.787432
556.000000 1.786741
557.000000 1.776093
558.000000 1.771581
559.000000 1.768440
560.000000 1.761416
561.000000 1.756286
562.000000 1.748262
563.000000 1.742778
564.000000 1.737317
565.000000 1.728011
566.000000 1.719790
567.000000 1.713484
568.000000 1.704340
569.000000 1.695456
570.000000 1.690891
571.000000 1.679798
572.000000 1.669817
573.000000 1.662302
574.000000 1.650921
575.000000 1.641725
576.000000 1.631347
577.000000 1.621229
578.000000 1.610392
579.000000 1.601324
580.000000 1.591652
581.000000 1.578989
582.000000 1.568919
583.000000 1.559447
584.000000 1.554498
585.000000 1.550277
586.000000 1.516092
587.000000 1.504180
588.000000 1.492466
589.000000 1.480151
590.000000 1.468418
591.000000 1.456177
592.000000 1.444366
593.000000 1.434205
594.000000 1.420984
595.000000 1.406719
596.000000 1.395713
597.000000 1.385093
598.000000 1.372183
599.000000 1.360363
600.000000 1.347188
601.000000 1.335782
602.000000 1.323030
603.000000 1.312226
604.000000 1.300363
605.000000 1.288583
606.000000 1.276490
607.000000 1.266949
608.000000 1.254712
609.000000 1.243729
610.000000 1.232688
611.000000 1.221049
612.000000 1.209704
613.000000 1.199447
614.000000 1.189968
615.000000 1.178316
616.000000 1.168823
617.000000 1.158354
618.000000 1.148656
619.000000 1.137438
620.000000 1.127936
621.000000 1.119549
622.000000 1.109631
623.000000 1.100815
624.000000 1.092120
625.000000 1.082875
626.000000 1.074685
627.000000 1.066130
628.000000 1.057169
629.000000 1.049319
630.000000 1.041384
631.000000 1.033392
632.000000 1.025923
633.000000 1.017956
634.000000 1.010919
635.000000 1.003622
636.000000 0.995800
637.000000 0.989160
638.000000 0.982082
639.000000 0.975058
640.000000 0.967951
641.000000 0.961393
642.000000 0.955465
643.000000 0.949189
644.000000 0.942871
645.000000 0.936717
646.000000 0.931161
647.000000 0.924765
648.000000 0.919402
649.000000 0.913754
650.000000 0.908313
651.000000 0.902459
652.000000 0.896796
653.000000 0.891465
654.000000 0.886554
655.000000 0.881367
656.000000 0.876418
657.000000 0.871345
658.000000 0.866999
659.000000 0.862050
660.000000 0.857147
661.000000 0.852383
662.000000 0.848373
663.000000 0.843475
664.000000 0.839247
665.000000 0.835353
666.000000 0.830691
667.000000 0.827425
668.000000 0.822875
669.000000 0.818590
670.000000 0.814128
671.000000 0.810564
672.000000 0.806791
673.000000 0.802821
674.000000 0.799175
675.000000 0.795219
676.000000 0.791825
677.000000 0.788158
678.000000 0.784392
679.000000 0.781140
680.000000 0.778146
681.000000 0.774613
682.000000 0.771440
683.000000 0.767814
684.000000 0.764683
685.000000 0.761267
686.000000 0.758031
687.000000 0.754922
688.000000 0.751951
689.000000 0.749167
690.000000 0.746166
691.000000 0.742825
692.000000 0.739937
693.000000 0.737080
694.000000 0.734506
695.000000 0.731870
696.000000 0.728999
697.000000 0.726198
698.000000 0.723388
699.000000 0.720788
700.000000 0.718228
701.000000 0.715552
702.000000 0.713228
703.000000 0.710827
704.000000 0.707917
705.000000 0.705495
706.000000 0.703214
707.000000 0.700934
708.000000 0.698764
709.000000 0.696187
710.000000 0.693640
711.000000 0.691352
712.000000 0.689405
713.000000 0.687484
714.000000 0.685099
715.000000 0.682921
716.000000 0.680600
717.000000 0.678504
718.000000 0.676394
719.000000 0.674247
720.000000 0.672016
721.000000 0.670363
722.000000 0.668229
723.000000 0.666268
724.000000 0.664268
725.000000 0.662231
726.000000 0.660535
727.000000 0.658756
728.000000 0.657074
729.000000 0.655560
730.000000 0.653764
731.000000 0.652187
732.000000 0.650820
733.000000 0.649193
734.000000 0.647609
735.000000 0.645719
736.000000 0.644452
737.000000 0.642522
738.000000 0.640951
739.000000 0.639458
740.000000 0.637488
741.000000 0.635740
742.000000 0.633959
743.000000 0.632397
744.000000 0.630636
745.000000 0.628601
746.000000 0.626761
747.000000 0.624993
748.000000 0.623255
749.000000 0.621486
750.000000 0.619454
751.000000 0.617700
752.000000 0.615911
753.000000 0.614108
754.000000 0.612250
755.000000 0.610783
756.000000 0.609306
757.000000 0.607658
758.000000 0.605939
759.000000 0.604113
760.000000 0.602560
761.000000 0.601073
762.000000 0.599533
763.000000 0.597626
764.000000 0.595923
765.000000 0.594321
766.000000 0.592539
767.000000 0.590983
768.000000 0.589035
769.000000 0.587372
770.000000 0.586103
771.000000 0.584369
772.000000 0.582647
773.000000 0.581188
774.000000 0.579707
775.000000 0.577973
776.000000 0.576712
777.000000 0.574822
778.000000 0.573149
779.000000 0.571429
780.000000 0.570104
781.000000 0.568518
782.000000 0.567046
783.000000 0.565816
784.000000 0.564305
785.000000 0.562741
786.000000 0.561021
787.000000 0.559475
788.000000 0.558008
789.000000 0.556477
790.000000 0.555048
791.000000 0.553663
792.000000 0.552053
793.000000 0.550570
794.000000 0.548860
795.000000 0.547315
796.000000 0.546093
797.000000 0.544374
798.000000 0.543275
799.000000 0.541663
800.000000 0.540437
801.000000 0.539265
802.000000 0.537768
803.000000 0.536412
804.000000 0.534935
805.000000 0.533541
806.000000 0.532341
807.000000 0.530598
808.000000 0.529603
809.000000 0.528000
810.000000 0.527200
811.000000 0.526240
812.000000 0.524923
813.000000 0.523761
814.000000 0.522444
815.000000 0.521243
816.000000 0.520006
817.000000 0.519139
818.000000 0.517606
819.000000 0.516759
820.000000 0.515578
821.000000 0.514452
822.000000 0.513562
823.000000 0.513049
824.000000 0.511848
825.000000 0.511289
826.000000 0.510410
827.000000 0.509539
828.000000 0.509192
829.000000 0.508672
830.000000 0.507736
831.000000 0.507239
832.000000 0.506816
833.000000 0.506216
834.000000 0.505173
835.000000 0.504287
836.000000 0.503014
837.000000 0.502352
838.000000 0.501297
839.000000 0.500236
840.000000 0.499310
841.000000 0.498441
842.000000 0.497505
843.000000 0.496480
844.000000 0.495615
845.000000 0.494666
846.000000 0.493710
847.000000 0.492927
848.000000 0.492123
849.000000 0.491668
850.000000 0.491548
851.000000 0.489001
852.000000 0.488380
853.000000 0.487833
854.000000 0.486851
855.000000 0.485940
856.000000 0.485375
857.000000 0.484347
858.000000 0.483459
859.000000 0.482806
860.000000 0.482175
861.000000 0.481563
862.000000 0.480865
863.000000 0.480680
864.000000 0.480217
865.000000 0.479692
866.000000 0.479155
867.000000 0.478620
868.000000 0.478058
869.000000 0.477901
870.000000 0.477930
871.000000 0.477709
872.000000 0.477416
873.000000 0.477180
874.000000 0.476592
875.000000 0.475827
876.000000 0.475206
877.000000 0.474128
878.000000 0.472955
879.000000 0.471658
880.000000 0.470129
881.000000 0.468697
882.000000 0.467612
883.000000 0.466732
884.000000 0.465581
885.000000 0.464482
886.000000 0.463459
887.000000 0.462711
888.000000 0.461881
889.000000 0.460907
890.000000 0.460052
891.000000 0.459026
892.000000 0.458197
893.000000 0.457455
894.000000 0.456912
895.000000 0.456456
896.000000 0.455579
897.000000 0.455133
898.000000 0.454198
899.000000 0.453933
900.000000 0.453236
[Extended]
SampleName=24 21h Lacto 1 ml + NP2 1 ml
Operator=User
Memo=
