Time:December 09 17:05:56 2019
Lamp:0
SLIT:-158946109990665980000000000000.000000
Xmax->Xmin: 900.000000 -> 400.000000
Step:1.000000
Filter:5
400.000000 2.531483
401.000000 2.537198
402.000000 2.542725
403.000000 2.544719
404.000000 2.554995
405.000000 2.543217
406.000000 2.546306
407.000000 2.570449
408.000000 2.545007
409.000000 2.556956
410.000000 2.546546
411.000000 2.542127
412.000000 2.545210
413.000000 2.543483
414.000000 2.539931
415.000000 2.551291
416.000000 2.544494
417.000000 2.560998
418.000000 2.557820
419.000000 2.548613
420.000000 2.548862
421.000000 2.536436
422.000000 2.551753
423.000000 2.542574
424.000000 2.553235
425.000000 2.542486
426.000000 2.551035
427.000000 2.540697
428.000000 2.549692
429.000000 2.531671
430.000000 2.538599
431.000000 2.539404
432.000000 2.536749
433.000000 2.517538
434.000000 2.533936
435.000000 2.539047
436.000000 2.528028
437.000000 2.518122
438.000000 2.529161
439.000000 2.523717
440.000000 2.513119
441.000000 2.513552
442.000000 2.504258
443.000000 2.498843
444.000000 2.513765
445.000000 2.496154
446.000000 2.492172
447.000000 2.495552
448.000000 2.480993
449.000000 2.479698
450.000000 2.475351
451.000000 2.492332
452.000000 2.483205
453.000000 2.512859
454.000000 2.490946
455.000000 2.492240
456.000000 2.502306
457.000000 2.497218
458.000000 2.500986
459.000000 2.510149
460.000000 2.510212
461.000000 2.517499
462.000000 2.516233
463.000000 2.520062
464.000000 2.531781
465.000000 2.530826
466.000000 2.529871
467.000000 2.533018
468.000000 2.548565
469.000000 2.538959
470.000000 2.534778
471.000000 2.539774
472.000000 2.546412
473.000000 2.556805
474.000000 2.570000
475.000000 2.561399
476.000000 2.562361
477.000000 2.563370
478.000000 2.566627
479.000000 2.578259
480.000000 2.571141
481.000000 2.590616
482.000000 2.599308
483.000000 2.597324
484.000000 2.606167
485.000000 2.593076
486.000000 2.626215
487.000000 2.615721
488.000000 2.635911
489.000000 2.627633
490.000000 2.633303
491.000000 2.633641
492.000000 2.648396
493.000000 2.657278
494.000000 2.669167
495.000000 2.663608
496.000000 2.687449
497.000000 2.672693
498.000000 2.693733
499.000000 2.709174
500.000000 2.722018
501.000000 2.731328
502.000000 2.737640
503.000000 2.754077
504.000000 2.740546
505.000000 2.760203
506.000000 2.750523
507.000000 2.763820
508.000000 2.780477
509.000000 2.783607
510.000000 2.776820
511.000000 2.780307
512.000000 2.804488
513.000000 2.833287
514.000000 2.800572
515.000000 2.832269
516.000000 2.800137
517.000000 2.842570
518.000000 2.845984
519.000000 2.807073
520.000000 2.830894
521.000000 2.817014
522.000000 2.810280
523.000000 2.855524
524.000000 2.817334
525.000000 2.814122
526.000000 2.814620
527.000000 2.817962
528.000000 2.792876
529.000000 2.811064
530.000000 2.839704
531.000000 2.792426
532.000000 2.789700
533.000000 2.807518
534.000000 2.772232
535.000000 2.785916
536.000000 2.760104
537.000000 2.764616
538.000000 2.750319
539.000000 2.736274
540.000000 2.734707
541.000000 2.713271
542.000000 2.687861
543.000000 2.677235
544.000000 2.664133
545.000000 2.653688
546.000000 2.639874
547.000000 2.622677
548.000000 2.616556
549.000000 2.608614
550.000000 2.581000
551.000000 2.575717
552.000000 2.555786
553.000000 2.550583
554.000000 2.524040
555.000000 2.510137
556.000000 2.495471
557.000000 2.477538
558.000000 2.467324
559.000000 2.442216
560.000000 2.431077
561.000000 2.409001
562.000000 2.394620
563.000000 2.372861
564.000000 2.354748
565.000000 2.338218
566.000000 2.319066
567.000000 2.302613
568.000000 2.283919
569.000000 2.265499
570.000000 2.251561
571.000000 2.235064
572.000000 2.221645
573.000000 2.207451
574.000000 2.191974
575.000000 2.184319
576.000000 2.165545
577.000000 2.154285
578.000000 2.139642
579.000000 2.127194
580.000000 2.114269
581.000000 2.103048
582.000000 2.091062
583.000000 2.079751
584.000000 2.074708
585.000000 2.070533
586.000000 2.039531
587.000000 2.025933
588.000000 2.017803
589.000000 2.010197
590.000000 1.995867
591.000000 1.986735
592.000000 1.979120
593.000000 1.967555
594.000000 1.959138
595.000000 1.959338
596.000000 1.942900
597.000000 1.931070
598.000000 1.922053
599.000000 1.915145
600.000000 1.905863
601.000000 1.902033
602.000000 1.894793
603.000000 1.885485
604.000000 1.877899
605.000000 1.869077
606.000000 1.863963
607.000000 1.856647
608.000000 1.849237
609.000000 1.842515
610.000000 1.832414
611.000000 1.828375
612.000000 1.822124
613.000000 1.815616
614.000000 1.807683
615.000000 1.804979
616.000000 1.794233
617.000000 1.790199
618.000000 1.785521
619.000000 1.779722
620.000000 1.773028
621.000000 1.767926
622.000000 1.763355
623.000000 1.759453
624.000000 1.753060
625.000000 1.747024
626.000000 1.742045
627.000000 1.735633
628.000000 1.731734
629.000000 1.727293
630.000000 1.721474
631.000000 1.717074
632.000000 1.710339
633.000000 1.708854
634.000000 1.701276
635.000000 1.697262
636.000000 1.691646
637.000000 1.687424
638.000000 1.682917
639.000000 1.680820
640.000000 1.673044
641.000000 1.669310
642.000000 1.666217
643.000000 1.662248
644.000000 1.656593
645.000000 1.652539
646.000000 1.649499
647.000000 1.645691
648.000000 1.639737
649.000000 1.639235
650.000000 1.631653
651.000000 1.629397
652.000000 1.623202
653.000000 1.620463
654.000000 1.616902
655.000000 1.611208
656.000000 1.607853
657.000000 1.603627
658.000000 1.599981
659.000000 1.597129
660.000000 1.594197
661.000000 1.588294
662.000000 1.585895
663.000000 1.582429
664.000000 1.578395
665.000000 1.574710
666.000000 1.570902
667.000000 1.568555
668.000000 1.563211
669.000000 1.559263
670.000000 1.556421
671.000000 1.552470
672.000000 1.548646
673.000000 1.545574
674.000000 1.542664
675.000000 1.538949
676.000000 1.534624
677.000000 1.531924
678.000000 1.530230
679.000000 1.523982
680.000000 1.522160
681.000000 1.518777
682.000000 1.516671
683.000000 1.510498
684.000000 1.508095
685.000000 1.505352
686.000000 1.501277
687.000000 1.496826
688.000000 1.495114
689.000000 1.489542
690.000000 1.488365
691.000000 1.484726
692.000000 1.481380
693.000000 1.478040
694.000000 1.476182
695.000000 1.472070
696.000000 1.468916
697.000000 1.466152
698.000000 1.462148
699.000000 1.459557
700.000000 1.456834
701.000000 1.452553
702.000000 1.450301
703.000000 1.447360
704.000000 1.443303
705.000000 1.440929
706.000000 1.438248
707.000000 1.435168
708.000000 1.430884
709.000000 1.428093
710.000000 1.424974
711.000000 1.422499
712.000000 1.419400
713.000000 1.417220
714.000000 1.413395
715.000000 1.411605
716.000000 1.407760
717.000000 1.405169
718.000000 1.401395
719.000000 1.399868
720.000000 1.395960
721.000000 1.394387
722.000000 1.389791
723.000000 1.387328
724.000000 1.385523
725.000000 1.381738
726.000000 1.379009
727.000000 1.376454
728.000000 1.374905
729.000000 1.370667
730.000000 1.369120
731.000000 1.367763
732.000000 1.364340
733.000000 1.361848
734.000000 1.359370
735.000000 1.355744
736.000000 1.353468
737.000000 1.350375
738.000000 1.347704
739.000000 1.344453
740.000000 1.342295
741.000000 1.339491
742.000000 1.335881
743.000000 1.333430
744.000000 1.330299
745.000000 1.327584
746.000000 1.324945
747.000000 1.321433
748.000000 1.318824
749.000000 1.316504
750.000000 1.312977
751.000000 1.310748
752.000000 1.307250
753.000000 1.305607
754.000000 1.302173
755.000000 1.298880
756.000000 1.296726
757.000000 1.292742
758.000000 1.290867
759.000000 1.287814
760.000000 1.285904
761.000000 1.281664
762.000000 1.279010
763.000000 1.276293
764.000000 1.273231
765.000000 1.271238
766.000000 1.268012
767.000000 1.265325
768.000000 1.262132
769.000000 1.258754
770.000000 1.256255
771.000000 1.253417
772.000000 1.250595
773.000000 1.248369
774.000000 1.245262
775.000000 1.242380
776.000000 1.240135
777.000000 1.236958
778.000000 1.235168
779.000000 1.235287
780.000000 1.228640
781.000000 1.225089
782.000000 1.222322
783.000000 1.219760
784.000000 1.215472
785.000000 1.213681
786.000000 1.210600
787.000000 1.207934
788.000000 1.205795
789.000000 1.203059
790.000000 1.200245
791.000000 1.197823
792.000000 1.194296
793.000000 1.191806
794.000000 1.189160
795.000000 1.186397
796.000000 1.184006
797.000000 1.181054
798.000000 1.178936
799.000000 1.175737
800.000000 1.173692
801.000000 1.170895
802.000000 1.168057
803.000000 1.166209
804.000000 1.163697
805.000000 1.160827
806.000000 1.157984
807.000000 1.155207
808.000000 1.153021
809.000000 1.150201
810.000000 1.147666
811.000000 1.145048
812.000000 1.142729
813.000000 1.139969
814.000000 1.137702
815.000000 1.135199
816.000000 1.132865
817.000000 1.130568
818.000000 1.128102
819.000000 1.125845
820.000000 1.124050
821.000000 1.121581
822.000000 1.119224
823.000000 1.116729
824.000000 1.115063
825.000000 1.113256
826.000000 1.110737
827.000000 1.108427
828.000000 1.106755
829.000000 1.105065
830.000000 1.103329
831.000000 1.101373
832.000000 1.099270
833.000000 1.097654
834.000000 1.095825
835.000000 1.093392
836.000000 1.091281
837.000000 1.089006
838.000000 1.086783
839.000000 1.084543
840.000000 1.082207
841.000000 1.080251
842.000000 1.077388
843.000000 1.075661
844.000000 1.073635
845.000000 1.071170
846.000000 1.069323
847.000000 1.067368
848.000000 1.065572
849.000000 1.063958
850.000000 1.063111
851.000000 1.058835
852.000000 1.057160
853.000000 1.055075
854.000000 1.052503
855.000000 1.050025
856.000000 1.048172
857.000000 1.046076
858.000000 1.043754
859.000000 1.042249
860.000000 1.039905
861.000000 1.037685
862.000000 1.036093
863.000000 1.033759
864.000000 1.030933
865.000000 1.029605
866.000000 1.028060
867.000000 1.026172
868.000000 1.023059
869.000000 1.020927
870.000000 1.018474
871.000000 1.017534
872.000000 1.014842
873.000000 1.013465
874.000000 1.011488
875.000000 1.009527
876.000000 1.007409
877.000000 1.005911
878.000000 1.003796
879.000000 1.001537
880.000000 0.999585
881.000000 0.998249
882.000000 0.996207
883.000000 0.995183
884.000000 0.993251
885.000000 0.991805
886.000000 0.989634
887.000000 0.987591
888.000000 0.986023
889.000000 0.983754
890.000000 0.982419
891.000000 0.980666
892.000000 0.979243
893.000000 0.976941
894.000000 0.975110
895.000000 0.973461
896.000000 0.971862
897.000000 0.969858
898.000000 0.968431
899.000000 0.966962
900.000000 0.966096
[Extended]
SampleName=24 0 Lacto 1 ml + NP2 1 ml
Operator=User
Memo=
